4 0.9270042194092827 0.25823529411764706 0.006244725738396625 0.00823529411764706
4 0.29831223628691983 0.25450980392156863 0.006244725738396625 0.00823529411764706
1 0.7828691983122363 0.43058823529411766 0.004219409282700422 0.0035294117647058825
1 0.7828691983122363 0.4362745098039216 0.004219409282700422 0.0035294117647058825
5 0.3418565400843882 0.5738725490196078 0.0032067510548523205 0.004803921568627451
5 0.7509704641350211 0.2898529411764706 0.0032067510548523205 0.004803921568627451
5 0.7459071729957806 0.2898529411764706 0.0032067510548523205 0.004803921568627451
5 0.6885232067510548 0.27308823529411763 0.0032067510548523205 0.004803921568627451
5 0.6834599156118143 0.27308823529411763 0.0032067510548523205 0.004803921568627451
5 0.8115611814345992 0.44857843137254905 0.0032067510548523205 0.004803921568627451
