7 0.3500329113924051 0.27396568627450985 0.003059915611814346 0.0035431372549019607
7 0.9523113924050632 0.5795009803921568 0.003059915611814346 0.0035431372549019607
7 0.9333206751054851 0.5795009803921568 0.003059915611814346 0.0035431372549019607
7 0.9143316455696202 0.5795009803921568 0.003059915611814346 0.0035431372549019607
7 0.8953426160337552 0.5795009803921568 0.003059915611814346 0.0035431372549019607
7 0.8763451476793248 0.5795009803921568 0.003059915611814346 0.0035431372549019607
7 0.9332396624472573 0.2688049019607843 0.003059915611814346 0.0035431372549019607
7 0.9669662447257383 0.47030882352941183 0.003049789029535865 0.0035549019607843137
7 0.9669662447257383 0.49236960784313727 0.003049789029535865 0.0035549019607843137
7 0.9669662447257383 0.5144303921568628 0.003049789029535865 0.0035549019607843137
7 0.9669662447257383 0.5364911764705882 0.003049789029535865 0.0035549019607843137
7 0.9669662447257383 0.5585519607843138 0.003049789029535865 0.0035549019607843137
